(131, 2)
(50, 2)
   partic_id  TYPE  BDI  SEX  ...            21            22        23        24
0    2110101     0    4  man  ...  1.045306e-09 -2.109670e-09  0.055628  0.003926
1    2110103     0    2  man  ...  8.783454e-11 -6.015049e-09  0.006800  0.000918
2    2110104     0    4  man  ... -5.020853e-11  1.838562e-10  0.005017  0.000173
3    2110105     0    9  man  ... -7.461918e-10  4.496257e-10  0.045274  0.000044
4    2110106     0    0  man  ... -5.815663e-10 -1.992432e-08  0.003549  0.001103

[5 rows x 568 columns]
(179, 568)
(130, 568)
(49, 568)
(131, 568)
(50, 568)
   partic_id  TYPE  BDI  SEX  ...            21            22        23        24
0    2110101     0    4  man  ...  1.628350e-04 -4.578731e-09  0.266052  0.001034
1    2110103     0    2  man  ... -6.409465e-07 -8.129158e-11  0.001739  0.000036
2    2110104     0    4  man  ...  1.845614e-05  2.858717e-09  0.043198  0.003231
3    2110105     0    9  man  ...  3.598606e-05  1.113224e-09  0.138729  0.000160
4    2110106     0    0  man  ... -1.933330e-05  5.844770e-09  0.011156  0.001587

[5 rows x 568 columns]
(179, 568)
(130, 568)
(49, 568)
(261, 568)
(99, 568)
   partic_id  TYPE  BDI  SEX  ...        21            22        23        24
0    2110103     0    2  man  ...  0.000002 -6.926850e-10  0.003780  0.001052
1    2110104     0    4  man  ... -0.000014 -3.616218e-09  0.035672  0.003303
2    2110105     0    9  man  ...  0.000045  5.741664e-09  0.133913  0.003402
3    2110106     0    0  man  ...  0.000020  1.996935e-09  0.015760  0.000363
4    2110107     0    5  man  ...  0.000024 -5.324576e-09  0.027044  0.003122

[5 rows x 568 columns]
(176, 568)
(127, 568)
(49, 568)
(388, 568)
(148, 568)
   partic_id  TYPE  BDI  SEX  ...            21            22        23        24
0    2110101     0    4  man  ...  4.209065e-05 -8.511913e-09  0.118177  0.009718
1    2110103     0    2  man  ... -5.551656e-07 -1.351889e-10  0.000943  0.000095
2    2110104     0    4  man  ...  5.191882e-05 -9.567710e-10  0.106785  0.000091
3    2110105     0    9  man  ... -6.100538e-05  3.715535e-09  0.274145  0.000403
4    2110106     0    0  man  ...  1.236585e-04  4.500118e-09  0.219403  0.001070

[5 rows x 568 columns]
(176, 568)
(127, 568)
(49, 568)
(515, 568)
(197, 568)
   partic_id  TYPE  BDI  SEX  ...        21            22        23        24
0    2110101     0    4  man  ...  0.000004 -1.256250e-09  0.002228  0.000911
1    2110103     0    2  man  ...  0.000003  3.388136e-10  0.010829  0.000217
2    2110104     0    4  man  ... -0.000021 -1.919903e-09  0.022636  0.000797
3    2110105     0    9  man  ...  0.000049  9.176949e-09  0.095748  0.001765
4    2110106     0    0  man  ...  0.000011  9.576276e-09  0.001639  0.003727

[5 rows x 568 columns]
(178, 568)
(129, 568)
(49, 568)
(644, 568)
(246, 568)
   partic_id  TYPE  BDI    SEX  ...            21            22        23        24
0    2320139     1   18  woman  ...  6.907204e-07 -7.310919e-10  0.000453  0.001110
1    2320140     1   16  woman  ... -3.251201e-06 -1.095430e-10  0.007968  0.000018
2    2320141     1   10  woman  ... -1.639517e-06 -3.797474e-10  0.001632  0.000108
3    2320142     1   37  woman  ... -7.533087e-06  1.187007e-09  0.011464  0.000350
4    2320143     1   13  woman  ... -1.874827e-06 -1.104333e-09  0.001740  0.001599

[5 rows x 568 columns]
(44, 568)
(34, 568)
(10, 568)
(678, 568)
(256, 568)
   partic_id  TYPE  BDI  SEX  ...            21            22        23        24
0    2110103     0    2  man  ... -7.938899e-07 -3.046594e-10  0.002441  0.000417
1    2110104     0    4  man  ... -2.043439e-06  8.291343e-10  0.000864  0.000488
2    2110106     0    0  man  ...  1.358128e-06  1.802950e-09  0.000980  0.000100
3    2110107     0    5  man  ...  3.421767e-05 -6.069011e-09  0.065602  0.006344
4    2110108     0    0  man  ... -3.438682e-05  8.599768e-09  0.086427  0.009478

[5 rows x 568 columns]
(173, 568)
(126, 568)
(47, 568)
(804, 568)
(303, 568)
   partic_id  TYPE  BDI  SEX  ...        21            22        23        24
0    2110101     0    4  man  ... -0.000016  2.480794e-09  0.011168  0.001034
1    2110103     0    2  man  ...  0.000001  2.951375e-10  0.002508  0.000337
2    2110104     0    4  man  ... -0.000018  6.605874e-10  0.097293  0.000346
3    2110105     0    9  man  ...  0.000052 -2.682883e-10  0.135251  0.000004
4    2110106     0    0  man  ...  0.000025 -2.908320e-09  0.006326  0.000227

[5 rows x 568 columns]
(180, 568)
(131, 568)
(49, 568)
(935, 568)
(352, 568)
   partic_id  TYPE  BDI  SEX  ...            21            22        23        24
0    2110101     0    4  man  ...  6.197614e-05  1.553964e-09  0.161139  0.000400
1    2110103     0    2  man  ...  6.876578e-08  4.976309e-10  0.000010  0.001176
2    2110104     0    4  man  ...  5.150108e-06  3.032398e-11  0.016992  0.000001
3    2110105     0    9  man  ...  3.537645e-05  5.852098e-10  0.163963  0.000073
4    2110106     0    0  man  ...  6.748110e-05  4.195255e-09  0.169355  0.001225

[5 rows x 568 columns]
(175, 568)
(126, 568)
(49, 568)
(1061, 568)
(401, 568)
(1060, 568)
(400, 568)
(1060, 566)
(400, 566)
(1060,)
(400,)
199
[549 449 529 510  39 414]
'10', '37_y', '117_y', '98_y', '36_x', '2_y'
So, Our accuracy Score is: 0.7575
[[108  82]
 [ 15 195]]
Our AUC Score is: 0.838
Calculating additional test metrics...
Accuracy: 0.7575
Precision: 0.5684210526315789
Recall: 0.8780487804878049
F1-Score: 0.6900958466453675
